13
100 91 38 31 17 91 35 97 41 95 96 63 93 
53 100 20 18 97 46 25 41 28 1 87 87 74 
43 19 100 32 3 8 77 65 46 32 22 3 95 
92 73 66 100 17 27 39 18 72 65 57 95 43 
72 46 59 10 100 3 10 92 60 55 3 47 56 
4 17 9 66 32 100 49 49 45 65 30 3 2 
22 5 97 91 55 1 100 27 10 34 21 64 81 
41 35 82 21 54 34 15 100 42 58 1 9 14 
83 43 5 8 66 54 20 1 100 93 24 21 78 
21 26 97 87 60 72 24 33 48 100 88 70 14 
45 10 56 30 60 79 24 85 17 37 100 81 54 
5 97 52 6 66 67 54 19 17 61 98 100 40 
34 36 25 65 32 72 48 33 49 11 82 6 100 
