14
100 21 59 73 17 75 49 63 19 75 4 65 67 63 
70 100 51 15 27 97 42 78 86 26 5 97 46 8 
46 8 100 53 92 67 68 49 80 62 68 33 13 34 
50 33 85 100 93 88 52 91 22 65 34 38 99 63 
26 43 36 16 100 41 66 57 21 4 93 13 9 21 
33 84 17 27 48 100 60 79 16 81 42 56 86 75 
18 33 86 32 81 48 100 25 76 59 13 86 29 75 
20 39 36 14 22 22 40 100 20 42 14 60 82 47 
10 70 56 50 99 57 53 85 100 21 60 78 33 27 
77 45 55 40 78 57 18 11 84 100 60 88 38 13 
75 84 43 57 15 70 41 10 14 89 100 7 79 72 
62 49 44 68 45 85 66 24 14 34 77 100 37 13 
51 33 45 4 61 8 16 35 44 17 2 16 100 53 
24 8 56 76 27 64 28 53 98 33 82 94 59 100 
