15
100 31 37 64 37 70 26 88 1 70 9 61 46 93 34 
40 100 69 80 67 50 70 55 94 50 48 72 71 24 23 
13 73 100 38 88 22 21 37 39 78 80 45 86 81 7 
59 76 8 100 1 96 55 87 62 63 35 66 53 95 7 
5 86 95 8 100 66 7 28 97 55 44 38 13 80 36 
57 28 86 27 32 100 7 52 64 26 59 29 65 51 30 
6 31 7 73 14 46 100 77 13 39 95 12 30 67 30 
22 84 95 59 11 27 85 100 2 85 69 12 85 59 88 
99 66 41 60 45 11 46 43 100 79 29 30 7 81 22 
8 97 54 75 75 6 37 38 47 100 27 64 75 4 42 
16 15 29 15 95 85 51 3 85 77 100 49 7 14 34 
55 29 15 45 97 3 32 60 76 59 54 100 62 80 58 
66 27 17 62 66 3 94 92 91 47 30 50 100 93 58 
86 15 6 53 23 47 10 27 40 1 42 7 40 100 39 
83 45 15 5 11 27 73 50 9 66 95 57 82 35 100 
